Protolus.Image.Brush.SoftRound20px = new Class({
    Extends : Protolus.Image.Brush,
    name : function(){
        return '20px_soft_round';
    },
    brush : [
        [000, 000, 000, 000, 000, 000, 000, 000, 000, 000, 000, 000, 000, 000, 000, 000, 000, 000, 000, 000],
        [000, 000, 000, 000, 000, 000, 003, 013, 019, 024, 025, 024, 019, 013, 003, 000, 000, 000, 000, 000],
        [000, 000, 000, 000, 000, 014, 026, 037, 044, 049, 051, 049, 044, 037, 026, 014, 000, 000, 000, 000],
        [000, 000, 000, 002, 019, 035, 049, 060, 069, 074, 076, 074, 069, 060, 049, 035, 019, 002, 000, 000],
        [000, 000, 000, 019, 038, 055, 071, 083, 093, 099, 102, 099, 093, 083, 071, 055, 038, 019, 000, 000],
        [000, 000, 014, 035, 055, 074, 091, 106, 117, 124, 127, 124, 117, 106, 091, 074, 055, 035, 014, 000],
        [000, 003, 026, 049, 071, 091, 110, 127, 140, 149, 153, 149, 140, 127, 110, 091, 071, 049, 026, 003],
        [000, 013, 037, 060, 083, 106, 127, 146, 163, 174, 178, 174, 163, 146, 127, 106, 083, 060, 037, 013],
        [000, 019, 044, 069, 093, 117, 140, 163, 182, 197, 204, 197, 182, 163, 140, 117, 093, 069, 044, 019],
        [000, 024, 049, 074, 099, 124, 149, 174, 197, 218, 229, 218, 197, 174, 149, 124, 099, 074, 049, 024],
        [000, 025, 051, 076, 102, 127, 153, 178, 204, 229, 255, 229, 204, 178, 153, 127, 102, 076, 051, 025],
        [000, 024, 049, 074, 099, 124, 149, 174, 197, 218, 229, 218, 197, 174, 149, 124, 099, 074, 049, 024],
        [000, 019, 044, 069, 093, 117, 140, 163, 182, 197, 204, 197, 182, 163, 140, 117, 093, 069, 044, 019],
        [000, 013, 037, 060, 083, 106, 127, 146, 163, 174, 178, 174, 163, 146, 127, 106, 083, 060, 037, 013],
        [000, 003, 026, 049, 071, 091, 110, 127, 140, 149, 153, 149, 140, 127, 110, 091, 071, 049, 026, 003],
        [000, 000, 014, 035, 055, 074, 091, 106, 117, 124, 127, 124, 117, 106, 091, 074, 055, 035, 014, 000],
        [000, 000, 000, 019, 038, 055, 071, 083, 093, 099, 102, 099, 093, 083, 071, 055, 038, 019, 000, 000],
        [000, 000, 000, 002, 019, 035, 049, 060, 069, 074, 076, 074, 069, 060, 049, 035, 019, 002, 000, 000],
        [000, 000, 000, 000, 000, 014, 026, 037, 044, 049, 051, 049, 044, 037, 026, 014, 000, 000, 000, 000],
        [000, 000, 000, 000, 000, 000, 003, 013, 019, 024, 025, 024, 019, 013, 003, 000, 000, 000, 000, 000],
    ]
});