Protolus.Image.Brush.SoftRound15px = new Class({
    Extends : Protolus.Image.Brush,
    name : function(){
        return '15px_soft_round';
    },
    brush : [
        [000, 000, 000, 000, 000, 007, 014, 017, 014, 007, 000, 000, 000, 000, 000],
        [000, 000, 000, 009, 026, 039, 048, 051, 048, 039, 026, 009, 000, 000, 000],
        [000, 000, 014, 037, 056, 071, 081, 085, 081, 071, 056, 037, 014, 000, 000],
        [000, 009, 037, 062, 085, 102, 114, 119, 114, 102, 085, 062, 037, 009, 000],
        [000, 026, 056, 085, 110, 132, 147, 153, 147, 132, 110, 085, 056, 026, 000],
        [007, 039, 071, 102, 132, 158, 178, 187, 178, 158, 132, 102, 071, 039, 007],
        [014, 048, 081, 114, 147, 178, 206, 221, 206, 178, 147, 114, 081, 048, 014],
        [017, 051, 085, 119, 153, 187, 221, 255, 221, 187, 153, 119, 085, 051, 017],
        [014, 048, 081, 114, 147, 178, 206, 221, 206, 178, 147, 114, 081, 048, 014],
        [007, 039, 071, 102, 132, 158, 178, 187, 178, 158, 132, 102, 071, 039, 007],
        [000, 026, 056, 085, 110, 132, 147, 153, 147, 132, 110, 085, 056, 026, 000],
        [000, 009, 037, 062, 085, 102, 114, 119, 114, 102, 085, 062, 037, 009, 000],
        [000, 000, 014, 037, 056, 071, 081, 085, 081, 071, 056, 037, 014, 000, 000],
        [000, 000, 000, 009, 026, 039, 048, 051, 048, 039, 026, 009, 000, 000, 000],
        [000, 000, 000, 000, 000, 007, 014, 017, 014, 007, 000, 000, 000, 000, 000],
    ]
});