Protolus.Image.Brush.SoftRound40px = new Class({
    Extends : Protolus.Image.Brush,
    name : function(){
        return '40px_soft_round';
    },
    brush : [
[000, 000, 000, 000, 000, 000, 000, 000, 000, 000, 000, 000, 000, 000, 000, 000, 000, 000, 000, 000, 000, 000, 000, 000, 000, 000, 000, 000, 000, 000, 000, 000, 000, 000, 000, 000, 000, 000, 000, 000],
[000, 000, 000, 000, 000, 000, 000, 000, 000, 000, 000, 000, 000, 000, 000, 004, 007, 009, 011, 012, 012, 012, 011, 009, 007, 004, 000, 000, 000, 000, 000, 000, 000, 000, 000, 000, 000, 000, 000, 000],
[000, 000, 000, 000, 000, 000, 000, 000, 000, 000, 000, 000, 003, 008, 013, 016, 019, 022, 024, 025, 025, 025, 024, 022, 019, 016, 013, 008, 003, 000, 000, 000, 000, 000, 000, 000, 000, 000, 000, 000],
[000, 000, 000, 000, 000, 000, 000, 000, 000, 000, 003, 009, 015, 020, 025, 029, 032, 034, 036, 037, 038, 037, 036, 034, 032, 029, 025, 020, 015, 009, 003, 000, 000, 000, 000, 000, 000, 000, 000, 000],
[000, 000, 000, 000, 000, 000, 000, 000, 000, 007, 014, 020, 026, 032, 037, 041, 044, 047, 049, 050, 051, 050, 049, 047, 044, 041, 037, 032, 026, 020, 014, 007, 000, 000, 000, 000, 000, 000, 000, 000],
[000, 000, 000, 000, 000, 000, 000, 001, 010, 017, 025, 031, 038, 043, 049, 053, 057, 059, 062, 063, 063, 063, 062, 059, 057, 053, 049, 043, 038, 031, 025, 017, 010, 001, 000, 000, 000, 000, 000, 000],
[000, 000, 000, 000, 000, 000, 002, 011, 019, 027, 035, 042, 049, 055, 060, 065, 069, 072, 074, 076, 076, 076, 074, 072, 069, 065, 060, 055, 049, 042, 035, 027, 019, 011, 002, 000, 000, 000, 000, 000],
[000, 000, 000, 000, 000, 001, 011, 020, 029, 037, 045, 053, 060, 066, 072, 077, 081, 084, 087, 088, 089, 088, 087, 084, 081, 077, 072, 066, 060, 053, 045, 037, 029, 020, 011, 001, 000, 000, 000, 000],
[000, 000, 000, 000, 000, 010, 019, 029, 038, 047, 055, 063, 071, 077, 083, 089, 093, 097, 099, 101, 102, 101, 099, 097, 093, 089, 083, 077, 071, 063, 055, 047, 038, 029, 019, 010, 000, 000, 000, 000],
[000, 000, 000, 000, 007, 017, 027, 037, 047, 056, 065, 073, 081, 088, 095, 100, 105, 109, 112, 114, 114, 114, 112, 109, 105, 100, 095, 088, 081, 073, 065, 056, 047, 037, 027, 017, 007, 000, 000, 000],
[000, 000, 000, 003, 014, 025, 035, 045, 055, 065, 074, 083, 091, 099, 106, 112, 117, 121, 124, 126, 127, 126, 124, 121, 117, 112, 106, 099, 091, 083, 074, 065, 055, 045, 035, 025, 014, 003, 000, 000],
[000, 000, 000, 009, 020, 031, 042, 053, 063, 073, 083, 092, 101, 109, 117, 123, 129, 134, 137, 139, 140, 139, 137, 134, 129, 123, 117, 109, 101, 092, 083, 073, 063, 053, 042, 031, 020, 009, 000, 000],
[000, 000, 003, 015, 026, 038, 049, 060, 071, 081, 091, 101, 110, 119, 127, 134, 140, 146, 149, 152, 153, 152, 149, 146, 140, 134, 127, 119, 110, 101, 091, 081, 071, 060, 049, 038, 026, 015, 003, 000],
[000, 000, 008, 020, 032, 043, 055, 066, 077, 088, 099, 109, 119, 128, 137, 145, 152, 157, 162, 164, 165, 164, 162, 157, 152, 145, 137, 128, 119, 109, 099, 088, 077, 066, 055, 043, 032, 020, 008, 000],
[000, 000, 013, 025, 037, 049, 060, 072, 083, 095, 106, 117, 127, 137, 146, 155, 163, 169, 174, 177, 178, 177, 174, 169, 163, 155, 146, 137, 127, 117, 106, 095, 083, 072, 060, 049, 037, 025, 013, 000],
[000, 004, 016, 029, 041, 053, 065, 077, 089, 100, 112, 123, 134, 145, 155, 164, 173, 180, 186, 189, 191, 189, 186, 180, 173, 164, 155, 145, 134, 123, 112, 100, 089, 077, 065, 053, 041, 029, 016, 004],
[000, 007, 019, 032, 044, 057, 069, 081, 093, 105, 117, 129, 140, 152, 163, 173, 182, 191, 197, 202, 204, 202, 197, 191, 182, 173, 163, 152, 140, 129, 117, 105, 093, 081, 069, 057, 044, 032, 019, 007],
[000, 009, 022, 034, 047, 059, 072, 084, 097, 109, 121, 134, 146, 157, 169, 180, 191, 200, 209, 214, 216, 214, 209, 200, 191, 180, 169, 157, 146, 134, 121, 109, 097, 084, 072, 059, 047, 034, 022, 009],
[000, 011, 024, 036, 049, 062, 074, 087, 099, 112, 124, 137, 149, 162, 174, 186, 197, 209, 218, 226, 229, 226, 218, 209, 197, 186, 174, 162, 149, 137, 124, 112, 099, 087, 074, 062, 049, 036, 024, 011],
[000, 012, 025, 037, 050, 063, 076, 088, 101, 114, 126, 139, 152, 164, 177, 189, 202, 214, 226, 236, 242, 236, 226, 214, 202, 189, 177, 164, 152, 139, 126, 114, 101, 088, 076, 063, 050, 037, 025, 012],
[000, 012, 025, 038, 051, 063, 076, 089, 102, 114, 127, 140, 153, 165, 178, 191, 204, 216, 229, 242, 255, 242, 229, 216, 204, 191, 178, 165, 153, 140, 127, 114, 102, 089, 076, 063, 051, 038, 025, 012],
[000, 012, 025, 037, 050, 063, 076, 088, 101, 114, 126, 139, 152, 164, 177, 189, 202, 214, 226, 236, 242, 236, 226, 214, 202, 189, 177, 164, 152, 139, 126, 114, 101, 088, 076, 063, 050, 037, 025, 012],
[000, 011, 024, 036, 049, 062, 074, 087, 099, 112, 124, 137, 149, 162, 174, 186, 197, 209, 218, 226, 229, 226, 218, 209, 197, 186, 174, 162, 149, 137, 124, 112, 099, 087, 074, 062, 049, 036, 024, 011],
[000, 009, 022, 034, 047, 059, 072, 084, 097, 109, 121, 134, 146, 157, 169, 180, 191, 200, 209, 214, 216, 214, 209, 200, 191, 180, 169, 157, 146, 134, 121, 109, 097, 084, 072, 059, 047, 034, 022, 009],
[000, 007, 019, 032, 044, 057, 069, 081, 093, 105, 117, 129, 140, 152, 163, 173, 182, 191, 197, 202, 204, 202, 197, 191, 182, 173, 163, 152, 140, 129, 117, 105, 093, 081, 069, 057, 044, 032, 019, 007],
[000, 004, 016, 029, 041, 053, 065, 077, 089, 100, 112, 123, 134, 145, 155, 164, 173, 180, 186, 189, 191, 189, 186, 180, 173, 164, 155, 145, 134, 123, 112, 100, 089, 077, 065, 053, 041, 029, 016, 004],
[000, 000, 013, 025, 037, 049, 060, 072, 083, 095, 106, 117, 127, 137, 146, 155, 163, 169, 174, 177, 178, 177, 174, 169, 163, 155, 146, 137, 127, 117, 106, 095, 083, 072, 060, 049, 037, 025, 013, 000],
[000, 000, 008, 020, 032, 043, 055, 066, 077, 088, 099, 109, 119, 128, 137, 145, 152, 157, 162, 164, 165, 164, 162, 157, 152, 145, 137, 128, 119, 109, 099, 088, 077, 066, 055, 043, 032, 020, 008, 000],
[000, 000, 003, 015, 026, 038, 049, 060, 071, 081, 091, 101, 110, 119, 127, 134, 140, 146, 149, 152, 153, 152, 149, 146, 140, 134, 127, 119, 110, 101, 091, 081, 071, 060, 049, 038, 026, 015, 003, 000],
[000, 000, 000, 009, 020, 031, 042, 053, 063, 073, 083, 092, 101, 109, 117, 123, 129, 134, 137, 139, 140, 139, 137, 134, 129, 123, 117, 109, 101, 092, 083, 073, 063, 053, 042, 031, 020, 009, 000, 000],
[000, 000, 000, 003, 014, 025, 035, 045, 055, 065, 074, 083, 091, 099, 106, 112, 117, 121, 124, 126, 127, 126, 124, 121, 117, 112, 106, 099, 091, 083, 074, 065, 055, 045, 035, 025, 014, 003, 000, 000],
[000, 000, 000, 000, 007, 017, 027, 037, 047, 056, 065, 073, 081, 088, 095, 100, 105, 109, 112, 114, 114, 114, 112, 109, 105, 100, 095, 088, 081, 073, 065, 056, 047, 037, 027, 017, 007, 000, 000, 000],
[000, 000, 000, 000, 000, 010, 019, 029, 038, 047, 055, 063, 071, 077, 083, 089, 093, 097, 099, 101, 102, 101, 099, 097, 093, 089, 083, 077, 071, 063, 055, 047, 038, 029, 019, 010, 000, 000, 000, 000],
[000, 000, 000, 000, 000, 001, 011, 020, 029, 037, 045, 053, 060, 066, 072, 077, 081, 084, 087, 088, 089, 088, 087, 084, 081, 077, 072, 066, 060, 053, 045, 037, 029, 020, 011, 001, 000, 000, 000, 000],
[000, 000, 000, 000, 000, 000, 002, 011, 019, 027, 035, 042, 049, 055, 060, 065, 069, 072, 074, 076, 076, 076, 074, 072, 069, 065, 060, 055, 049, 042, 035, 027, 019, 011, 002, 000, 000, 000, 000, 000],
[000, 000, 000, 000, 000, 000, 000, 001, 010, 017, 025, 031, 038, 043, 049, 053, 057, 059, 062, 063, 063, 063, 062, 059, 057, 053, 049, 043, 038, 031, 025, 017, 010, 001, 000, 000, 000, 000, 000, 000],
[000, 000, 000, 000, 000, 000, 000, 000, 000, 007, 014, 020, 026, 032, 037, 041, 044, 047, 049, 050, 051, 050, 049, 047, 044, 041, 037, 032, 026, 020, 014, 007, 000, 000, 000, 000, 000, 000, 000, 000],
[000, 000, 000, 000, 000, 000, 000, 000, 000, 000, 003, 009, 015, 020, 025, 029, 032, 034, 036, 037, 038, 037, 036, 034, 032, 029, 025, 020, 015, 009, 003, 000, 000, 000, 000, 000, 000, 000, 000, 000],
[000, 000, 000, 000, 000, 000, 000, 000, 000, 000, 000, 000, 003, 008, 013, 016, 019, 022, 024, 025, 025, 025, 024, 022, 019, 016, 013, 008, 003, 000, 000, 000, 000, 000, 000, 000, 000, 000, 000, 000],
[000, 000, 000, 000, 000, 000, 000, 000, 000, 000, 000, 000, 000, 000, 000, 004, 007, 009, 011, 012, 012, 012, 011, 009, 007, 004, 000, 000, 000, 000, 000, 000, 000, 000, 000, 000, 000, 000, 000, 000],
]
});